type      = 1 # LINEAR_RAS_TO_RAS
nxforms   = 1
mean      = 0.0000 0.0000 0.0000
sigma     = 10000.0000
1 4 4
1.000000000000000e+00 0.000000000000000e+00 0.000000000000000e+00 0.000000000000000e+00 
0.000000000000000e+00 1.000000000000000e+00 0.000000000000000e+00 0.000000000000000e+00 
0.000000000000000e+00 0.000000000000000e+00 1.000000000000000e+00 0.000000000000000e+00 
0.000000000000000e+00 0.000000000000000e+00 0.000000000000000e+00 1.000000000000000e+00 
src volume info
valid = 1  # volume info valid
filename = /Users/cedriccannard/Documents/MATLAB/eeglab/plugins/iEEGLAB/tutorial/seeg_set/freesurfer/mri/rawavg.mgz
volume = 256 256 256
voxelsize = 1.000000000000000e+00 1.000000000000000e+00 1.000000000000000e+00
xras   = -1.000000000000000e+00 -4.656612873077393e-10 -9.313225746154785e-10
yras   = -9.313225746154785e-10 0.000000000000000e+00 -1.000000000000000e+00
zras   = 4.656612873077393e-10 1.000000000000000e+00 2.980232238769531e-08
cras   = -7.629394531250000e-06 1.525878906250000e-05 1.907348632812500e-06
dst volume info
valid = 1  # volume info valid
filename = /Users/cedriccannard/Documents/MATLAB/eeglab/plugins/iEEGLAB/tutorial/seeg_set/freesurfer/mri/orig.mgz
volume = 256 256 256
voxelsize = 1.000000000000000e+00 1.000000000000000e+00 1.000000000000000e+00
xras   = -1.000000000000000e+00 -4.656612873077393e-10 -9.313225746154785e-10
yras   = -9.313225746154785e-10 0.000000000000000e+00 -1.000000000000000e+00
zras   = 4.656612873077393e-10 1.000000000000000e+00 2.980232238769531e-08
cras   = -7.629394531250000e-06 1.525878906250000e-05 1.907348632812500e-06
subject freesurfer
fscale 0.100000
